666
0
0
11
6
-2
25
51
6
9
-2
31
10
9
10
-2
75
89
8
10
-2
37
55
9
6
-2
43
0
5
9
-2
11
14
7
10
-2
3
50
7
7
-2
9
28
11
9
-2
89
54
6
10
-2
25
86
6
11
-2
58
48
6
11
-2
68
49
7
10
-2
33
88
5
10
-2
85
73
6
6
-2
56
14
10
8
-2
13
64
5
9
-2
81
12
6
10
-2
57
61
5
11
-2
27
43
7
6
-2
29
67
9
9
-2
37
39
7
9
-2
59
35
8
8
-2
1
87
11
6
-2
51
82
11
5
-2
58
74
11
6
-2
70
9
6
7
-2
53
93
7
6
-2
27
28
6
6
-2
92
21
6
7
-2
36
80
8
5
-2
47
28
9
5
-2
81
26
9
11
-2
85
88
7
6
-2
40
88
6
10
-2
93
7
5
9
-2
72
61
9
8
-2
48
13
6
10
-2
72
74
10
9
-2
21
5
8
11
-2
12
42
9
11
-2
0
59
11
11
-2
8
77
6
8
-2
50
65
5
8
-2
43
66
5
8
-2
1
24
6
11
-2
58
3
7
9
-2
16
75
5
9
-2
89
40
9
10
-2
68
1
9
6
-2
81
4
10
6
-2
74
29
5
6
-2
58
24
10
6
-2
36
31
9
5
-2
2
11
6
8
-2
79
47
6
11
-2
64
67
6
5
-2
0
41
9
6
-2
22
62
5
6
-2
47
40
7
7
-2
62
92
11
5
-2
13
55
7
7
-2
17
88
6
6
-2
32
1
7
5
-2
73
20
6
7
-2
69
38
5
8
-2
48
50
6
5
-2
5
6
5
11
-3
6
19
6
24
-3
8
17
11
17
-3
2
35
2
41
-3
7
28
9
28
-3
18
14
21
14
-3
3
47
3
50
-3
9
44
12
44
-3
20
30
27
30
-3
29
11
31
11
-3
6
57
6
59
-3
17
53
17
55
-3
21
52
25
52
-3
33
33
36
33
-3
34
10
34
6
-3
40
14
48
14
-3
8
70
8
77
-3
11
64
13
64
-3
40
36
40
39
-3
45
31
47
31
-3
39
1
43
1
-3
54
16
56
16
-3
10
85
10
87
-3
14
78
16
78
-3
18
65
22
65
-3
40
48
40
55
-3
44
41
47
41
-3
37
43
34
43
-3
56
29
58
29
-3
61
14
61
12
-3
66
15
70
15
-3
12
90
17
90
-3
21
75
29
75
-3
43
61
43
66
-3
51
47
51
50
-3
54
42
59
42
-3
65
5
68
5
-3
73
16
73
20
-3
76
13
81
13
-3
23
88
25
88
-3
36
76
36
80
-3
48
70
50
70
-3
54
54
58
54
-3
67
40
69
40
-3
77
6
81
6
-3
77
27
77
29
-3
82
22
82
26
-3
87
21
92
21
-3
31
94
33
94
-3
44
82
51
82
-3
55
67
57
67
-3
64
58
68
58
-3
91
7
93
7
-3
38
95
40
95
-3
59
87
59
93
-3
60
82
60
80
-3
62
67
64
67
-3
74
59
74
61
-3
75
49
79
49
-3
60
93
62
93
-3
69
75
72
75
-3
85
57
89
57
-3
73
93
75
93
-3
82
78
85
78
-3
89
54
89
50
-3
83
90
85
90
-3
